SPARSE: , ERROR_PR: 0.0000000000, ROWS: 1000, COLS: 1000, NZmax: 91796
RMSE: 18.525517, ERR_PR: 0.0000000000, NUM_ERROR: 0, READ_NUM: 0, OUT_READ: 0, WRITE_NUM: 0, OUT_WRITE: 0
RMSE: 18.525517, ERR_PR: 0.0000000000, NUM_ERROR: 0, READ_NUM: 1000, OUT_READ: 0, WRITE_NUM: 1000, OUT_WRITE: 0
RMSE: 6115580.500000, ERR_PR: 0.0000000000, NUM_ERROR: 0, READ_NUM: 2000, OUT_READ: 0, WRITE_NUM: 2000, OUT_WRITE: 0
