SPARSE: DENSE_PROTECTED_0, ERROR_PR: 0.0000000000, ROWS: 1000, COLS: 1000, NZmax: 196032
RMSE: 254255056.000000, ERR_PR: 0.0000000000, NUM_ERROR: 0, READ_NUM: 20100000, OUT_READ: 0, WRITE_NUM: 20100000, OUT_WRITE: 0
RMSE: 0.000000, ERR_PR: 0.0000000000, NUM_ERROR: 0, READ_NUM: 50350500, OUT_READ: 0, WRITE_NUM: 50350500, OUT_WRITE: 0
RMSE: 245975504.000000, ERR_PR: 0.0001000000, NUM_ERROR: 10314, READ_NUM: 50350500, OUT_READ: 10020, WRITE_NUM: 50350500, OUT_WRITE: 5515
RMSE: 918060096.000000, ERR_PR: 0.0100000000, NUM_ERROR: 1011781, READ_NUM: 50350500, OUT_READ: 817998, WRITE_NUM: 50350500, OUT_WRITE: 794030
