SPARSE: JAD_PROTECTED_0, ERROR_PR: 0.0000000000, ROWS: 1000, COLS: 1000, NZmax: 196032
RMSE: 185332976.000000, ERR_PR: 0.0000000000, NUM_ERROR: 0, READ_NUM: 0, OUT_READ: 0, WRITE_NUM: 0, OUT_WRITE: 0
RMSE: 186800384.000000, ERR_PR: 0.0000000000, NUM_ERROR: 0, READ_NUM: 0, OUT_READ: 0, WRITE_NUM: 0, OUT_WRITE: 0
RMSE: 186800384.000000, ERR_PR: 0.0000000000, NUM_ERROR: 0, READ_NUM: 0, OUT_READ: 0, WRITE_NUM: 0, OUT_WRITE: 0
RMSE: 0.000000, ERR_PR: 0.0000000000, NUM_ERROR: 0, READ_NUM: 0, OUT_READ: 0, WRITE_NUM: 0, OUT_WRITE: 0
