SPARSE: LIL_PROTECTED_0, ERROR_PR: 0.0000000000, ROWS: 1000, COLS: 1000, NZmax: 173339
RMSE: 0.000000, ERR_PR: 0.0000000000, NUM_ERROR: 0, READ_NUM: 367324, OUT_READ: 0, WRITE_NUM: 0, OUT_WRITE: 0
RMSE: 0.000000, ERR_PR: 0.0000000000, NUM_ERROR: 0, READ_NUM: 45394906, OUT_READ: 0, WRITE_NUM: 520017, OUT_WRITE: 0
RMSE: 259175088.000000, ERR_PR: 0.0010000000, NUM_ERROR: 2215210, READ_NUM: 418680457, OUT_READ: 162794576, WRITE_NUM: 39942017, OUT_WRITE: 254989
RMSE: 257385136.000000, ERR_PR: 0.0010000000, NUM_ERROR: 1824013, READ_NUM: 345621984, OUT_READ: 136952419, WRITE_NUM: 32362918, OUT_WRITE: 247413
