SPARSE: CRS_PROTECTED_1, ERROR_PR: 0.0000000000, ROWS: 0, COLS: 1000, NZmax: 1000
RMSE: 0.000000, ERR_PR: 0.0000000000, NUM_ERROR: 0, READ_NUM: 0, OUT_READ: 181662, WRITE_NUM: 0, OUT_WRITE: 173339
RMSE: 407982592.000000, ERR_PR: 0.1000000000, NUM_ERROR: 4239065, READ_NUM: 11671609, OUT_READ: 1535635, WRITE_NUM: 11634789, OUT_WRITE: 1917191
