SPARSE: COO_PROTECTED_0, ERROR_PR: 0.0000000000, ROWS: 1, COLS: 1000, NZmax: 1000
RMSE: 186801088.000000, ERR_PR: 0.0000000000, NUM_ERROR: 1, READ_NUM: 23484, OUT_READ: 3880, WRITE_NUM: 3504, OUT_WRITE: 1000
RMSE: 0.000000, ERR_PR: 0.0000000000, NUM_ERROR: 0, READ_NUM: 49, OUT_READ: 0, WRITE_NUM: 22, OUT_WRITE: 0
RMSE: 0.000000, ERR_PR: 0.0000000000, NUM_ERROR: 0, READ_NUM: 90936684, OUT_READ: 0, WRITE_NUM: 273706, OUT_WRITE: 0
