SPARSE: COO_PROTECTED_0, ERROR_PR: 0.0000000000, ROWS: 1000, COLS: 1000, NZmax: 90902
RMSE: 0.000000, ERR_PR: 0.0000000000, NUM_ERROR: 0, READ_NUM: 227222614, OUT_READ: 0, WRITE_NUM: 273706, OUT_WRITE: 0
RMSE: 186218448.000000, ERR_PR: 0.0001000000, NUM_ERROR: 8895, READ_NUM: 17662458, OUT_READ: 2771, WRITE_NUM: 26647, OUT_WRITE: 3
RMSE: 186800144.000000, ERR_PR: 1.0000000000, NUM_ERROR: 19998, READ_NUM: 3183, OUT_READ: 2898, WRITE_NUM: 1000, OUT_WRITE: 917
