SPARSE: SLL_PROTECTED_0, ERROR_PR: 0.0000000000, ROWS: 1000, COLS: 1000, NZmax: 90902
RMSE: 0.000000, ERR_PR: 0.0000000000, NUM_ERROR: 0, READ_NUM: 227222614, OUT_READ: 0, WRITE_NUM: 273706, OUT_WRITE: 0
RMSE: 185999520.000000, ERR_PR: 0.0001000000, NUM_ERROR: 14847, READ_NUM: 29646176, OUT_READ: 3455, WRITE_NUM: 44470, OUT_WRITE: 2
RMSE: 186800144.000000, ERR_PR: 1.0000000000, NUM_ERROR: 26598, READ_NUM: 3282, OUT_READ: 2719, WRITE_NUM: 1000, OUT_WRITE: 812
