SPARSE: CRS_PROTECTED_0, ERROR_PR: 0.0000000000, ROWS: 1000, COLS: 1000, NZmax: 90902
RMSE: 0.000000, ERR_PR: 0.0000000000, NUM_ERROR: 0, READ_NUM: 48317551, OUT_READ: 0, WRITE_NUM: 182804, OUT_WRITE: 0
RMSE: 177764080.000000, ERR_PR: 0.0010000000, NUM_ERROR: 235410, READ_NUM: 46907606, OUT_READ: 56700, WRITE_NUM: 174290, OUT_WRITE: 356
RMSE: 186800144.000000, ERR_PR: 1.0000000000, NUM_ERROR: 20975453, READ_NUM: 4193054, OUT_READ: 3910357, WRITE_NUM: 1046, OUT_WRITE: 907
RMSE: 220179344.000000, ERR_PR: 0.0100000000, NUM_ERROR: 1825347, READ_NUM: 36541731, OUT_READ: 437021, WRITE_NUM: 115712, OUT_WRITE: 24223
